0
0
0
0
0
0
0
0
0
0
0
0
0
0
0
0
0
0
0
0
0
0
0
0
0
0
0
0
0
0
0
0
0
0
0
0
0
0
0
0
0
0
0
0
0
0
0
0
0
0
0
0
0
0
0
0
0
0
0
0
0
0
0
0
0
0
0
0
0
0
0
0
0
0
0
0
0
0
0
0
0
0
0
0
0
0
0
0
0
0
0
0
0
0
0
0
0
0
0
0
0
0
0
0
0
0
0
0
0
0
0
0
0
0
0
0
0
0
0
0
0
1
0
0
0
0
0
0
0
0
0
0
0
0
0
0
0
0
0
0
0
0
0
0
0
0
0
0
0
0
0
0
0
0
0
0
0
0
0
0
0
0
0
0
0
0
0
0
0
0
0
0
0
0
0
0
0
0
0
0
0
0
0
0
0
0
0
0
0
0
0
0
0
0
0
0
0
0
0
0
0
0
0
0
0
0
0
0
0
0
0
0
0
0
0
0
0
0
0
0
0
0
0
0
0
0
0
0
0
0
0
0
0
0
0
0
0
0
0
0
0
0
904
-222
2000
-429
-32
-554
-1244
391
-2031
2025
1154
1547
-1124
1606
301
-1743
221
-1978
352
1212
-1436
1528
-340
-504
1126
627
1775
1764
-113
1567
-877
302
-103
-1650
-1875
-1560
1155
-719
-1457
1873
530
571
-1661
227
-1126
-1120
-1861
1487
-977
768
1825
-868
402
-7
-515
1630
-1484
-2001
1211
-1295
-1220
-1136
-1271
1011
1676
469
1614
821
946
-748
-508
645
192
-1042
-1434
-1746
754
1914
-970
-1408
627
1987
-1615
1418
92
1241
985
-1838
-1154
-1957
369
885
-331
522
1755
843
1408
-1570
166
355
1730
-1822
-578
-1828
1918
-1601
-1485
744
-395
155
1569
-1259
-1846
-1958
169
-932
-1565
-1414
-190
204
-1013
